image: pongrut_map.pgm
resolution: 0.0500
origin: [-9.500000, -8.4000, 0.000000]
negate: 0
occupied_thresh: 0.65
free_thresh: 0.196

